0 19 21 34 44 19 21 34 44 19 21 34 44 
1 19 21 44 44 19 21 44 44 19 21 44 44 
2 19 21 54 45 19 21 54 44 19 21 54 44 
3 19 22 4 45 19 22 4 44 19 22 4 44 
4 19 22 14 46 19 22 14 45 19 22 14 45 
5 19 22 24 47 19 22 24 45 19 22 24 45 
6 19 22 34 49 19 22 34 45 19 22 34 45 
7 19 22 44 50 19 22 44 45 19 22 44 46 
8 19 22 54 52 19 22 54 46 19 22 54 46 
9 19 23 4 53 19 23 4 46 19 23 4 46 
10 19 23 14 55 19 23 14 46 19 23 14 46 
11 19 23 24 57 19 23 24 46 19 23 24 46 
12 19 23 34 58 19 23 34 47 19 23 34 47 
