0 18 10 30 29 18 10 30 29 -1 -1 -1 -1 
1 18 10 40 37 18 10 40 38 -1 -1 -1 -1 
2 18 10 50 44 18 10 50 45 -1 -1 -1 -1 
3 18 11 0 52 18 11 0 53 -1 -1 -1 -1 
4 18 11 10 59 18 11 11 1 -1 -1 -1 -1 
5 18 11 21 6 18 11 21 9 -1 -1 -1 -1 
6 18 11 31 13 18 11 31 16 -1 -1 -1 -1 
7 18 11 41 21 18 11 41 24 -1 -1 -1 -1 
8 18 11 51 27 18 11 51 31 -1 -1 -1 -1 
9 18 12 1 35 18 12 1 39 -1 -1 -1 -1 
10 18 12 11 42 18 12 11 47 -1 -1 -1 -1 
11 18 12 21 49 18 12 21 55 -1 -1 -1 -1 
12 18 12 31 56 18 12 32 2 -1 -1 -1 -1 
