0 18 12 32 18 18 12 32 18 -1 -1 -1 -1 
1 18 12 42 26 18 12 42 27 -1 -1 -1 -1 
2 18 12 52 34 18 12 52 34 -1 -1 -1 -1 
3 18 13 2 42 18 13 2 43 -1 -1 -1 -1 
4 18 13 12 50 18 13 12 50 -1 -1 -1 -1 
5 18 13 22 57 18 13 22 57 -1 -1 -1 -1 
6 18 13 33 5 18 13 33 5 -1 -1 -1 -1 
7 18 13 43 13 18 13 43 13 -1 -1 -1 -1 
8 18 13 53 20 18 13 53 20 -1 -1 -1 -1 
9 18 14 3 27 18 14 3 28 -1 -1 -1 -1 
10 18 14 13 34 18 14 13 35 -1 -1 -1 -1 
11 18 14 23 42 18 14 23 43 -1 -1 -1 -1 
12 18 14 33 49 18 14 33 51 -1 -1 -1 -1 
