0 17 13 39 52 17 13 39 52 17 13 39 52 
1 17 13 49 52 17 13 49 52 17 13 49 52 
2 17 13 59 52 17 13 59 52 17 13 59 53 
3 17 14 9 53 17 14 9 52 17 14 9 53 
4 17 14 19 53 17 14 19 53 17 14 19 53 
5 17 14 29 54 17 14 29 53 17 14 29 53 
6 17 14 39 54 17 14 39 53 17 14 39 53 
7 17 14 49 54 17 14 49 53 17 14 49 54 
8 17 14 59 55 17 14 59 54 17 14 59 54 
9 17 15 9 55 17 15 9 54 17 15 9 54 
10 17 15 19 56 17 15 19 54 17 15 19 55 
11 17 15 29 56 17 15 29 54 17 15 29 55 
12 17 15 39 56 17 15 39 55 17 15 39 55 
