0 17 11 39 48 17 11 39 48 17 11 39 48 
1 17 11 49 48 17 11 49 48 17 11 49 48 
2 17 11 59 48 17 11 59 48 17 11 59 49 
3 17 12 9 48 17 12 9 48 17 12 9 49 
4 17 12 19 48 17 12 19 49 17 12 19 49 
5 17 12 29 48 17 12 29 49 17 12 29 49 
6 17 12 39 48 17 12 39 49 17 12 39 50 
7 17 12 49 49 17 12 49 49 17 12 49 50 
8 17 12 59 49 17 12 59 50 17 12 59 50 
9 17 13 9 50 17 13 9 50 17 13 9 50 
10 17 13 19 50 17 13 19 50 17 13 19 51 
11 17 13 29 51 17 13 29 50 17 13 29 51 
12 17 13 39 51 17 13 39 51 17 13 39 51 
