0 19 16 39 26 19 16 39 26 -1 -1 -1 -1 
1 19 16 49 33 19 16 49 34 -1 -1 -1 -1 
2 19 16 59 39 19 16 59 42 -1 -1 -1 -1 
3 19 17 9 43 19 17 9 49 -1 -1 -1 -1 
4 19 17 19 47 19 17 19 57 -1 -1 -1 -1 
5 19 17 29 52 19 17 30 4 -1 -1 -1 -1 
6 19 17 39 56 19 17 40 11 -1 -1 -1 -1 
7 19 17 49 59 19 17 50 18 -1 -1 -1 -1 
8 19 18 0 2 19 18 0 26 -1 -1 -1 -1 
9 19 18 10 12 19 18 10 34 -1 -1 -1 -1 
10 19 18 20 25 19 18 20 41 -1 -1 -1 -1 
11 19 18 30 41 19 18 30 49 -1 -1 -1 -1 
12 19 18 40 57 19 18 40 57 -1 -1 -1 -1 
