0 19 18 41 12 19 18 41 12 -1 -1 -1 -1 
1 19 18 51 20 19 18 51 20 -1 -1 -1 -1 
2 19 19 1 26 19 19 1 28 -1 -1 -1 -1 
3 19 19 11 32 19 19 11 35 -1 -1 -1 -1 
4 19 19 21 37 19 19 21 42 -1 -1 -1 -1 
5 19 19 31 43 19 19 31 50 -1 -1 -1 -1 
6 19 19 41 48 19 19 41 58 -1 -1 -1 -1 
7 19 19 51 54 19 19 52 5 -1 -1 -1 -1 
8 19 20 1 58 19 20 2 12 -1 -1 -1 -1 
9 19 20 12 2 19 20 12 20 -1 -1 -1 -1 
10 19 20 22 7 19 20 22 27 -1 -1 -1 -1 
11 19 20 32 11 19 20 32 35 -1 -1 -1 -1 
12 19 20 42 15 19 20 42 42 -1 -1 -1 -1 
