0 19 20 42 57 19 20 42 57 -1 -1 -1 -1 
1 19 20 53 4 19 20 53 5 -1 -1 -1 -1 
2 19 21 3 12 19 21 3 13 -1 -1 -1 -1 
3 19 21 13 20 19 21 13 21 -1 -1 -1 -1 
4 19 21 23 28 19 21 23 29 -1 -1 -1 -1 
5 19 21 33 38 19 21 33 37 -1 -1 -1 -1 
6 19 21 43 45 19 21 43 45 -1 -1 -1 -1 
7 19 21 53 52 19 21 53 52 -1 -1 -1 -1 
8 19 22 3 57 19 22 3 59 -1 -1 -1 -1 
9 19 22 14 3 19 22 14 8 -1 -1 -1 -1 
10 19 22 24 8 19 22 24 15 -1 -1 -1 -1 
11 19 22 34 15 19 22 34 23 -1 -1 -1 -1 
12 19 22 44 21 19 22 44 30 -1 -1 -1 -1 
