0 18 19 1 27 18 19 1 27 18 19 1 27 
1 18 19 11 27 18 19 11 27 18 19 11 27 
2 18 19 21 28 18 19 21 27 18 19 21 28 
3 18 19 31 29 18 19 31 27 18 19 31 28 
4 18 19 41 29 18 19 41 28 18 19 41 28 
5 18 19 51 30 18 19 51 28 18 19 51 28 
6 18 20 1 31 18 20 1 28 18 20 1 28 
7 18 20 11 32 18 20 11 28 18 20 11 29 
8 18 20 21 33 18 20 21 29 18 20 21 29 
9 18 20 31 35 18 20 31 29 18 20 31 29 
10 18 20 41 37 18 20 41 29 18 20 41 30 
11 18 20 51 38 18 20 51 29 18 20 51 30 
12 18 21 1 39 18 21 1 30 18 21 1 30 
