0 18 17 1 23 18 17 1 23 18 17 1 23 
1 18 17 11 22 18 17 11 23 18 17 11 23 
2 18 17 21 23 18 17 21 23 18 17 21 24 
3 18 17 31 24 18 17 31 23 18 17 31 24 
4 18 17 41 25 18 17 41 24 18 17 41 24 
5 18 17 51 29 18 17 51 24 18 17 51 24 
6 18 18 1 38 18 18 1 24 18 18 1 25 
7 18 18 11 47 18 18 11 25 18 18 11 25 
8 18 18 21 55 18 18 21 25 18 18 21 25 
9 18 18 32 3 18 18 31 25 18 18 31 26 
10 18 18 42 11 18 18 41 26 18 18 41 26 
11 18 18 52 19 18 18 51 26 18 18 51 26 
12 18 19 2 28 18 19 1 26 18 19 1 26 
