0 18 21 1 30 18 21 1 30 18 21 1 31 
1 18 21 11 29 18 21 11 30 18 21 11 31 
2 18 21 21 29 18 21 21 30 18 21 21 31 
3 18 21 31 29 18 21 31 30 18 21 31 31 
4 18 21 41 28 18 21 41 31 -1 -1 -1 -1 
5 18 21 51 29 18 21 51 32 18 21 51 33 
6 18 22 1 28 18 22 1 32 18 22 1 33 
7 18 22 11 27 18 22 11 32 18 22 11 33 
8 18 22 21 26 18 22 21 33 18 22 21 34 
9 18 22 31 25 18 22 31 33 18 22 31 34 
10 18 22 41 24 18 22 41 33 18 22 41 34 
11 18 22 51 23 18 22 51 33 18 22 51 34 
12 18 23 1 22 18 23 1 34 18 23 1 35 
