0 18 12 31 23 18 12 31 23 -1 -1 -1 -1 
1 18 12 41 31 18 12 41 31 -1 -1 -1 -1 
2 18 12 51 40 18 12 51 39 -1 -1 -1 -1 
3 18 13 1 48 18 13 1 46 -1 -1 -1 -1 
4 18 13 11 57 18 13 11 54 -1 -1 -1 -1 
5 18 13 22 5 18 13 22 1 -1 -1 -1 -1 
6 18 13 32 14 18 13 32 10 -1 -1 -1 -1 
7 18 13 42 23 18 13 42 18 -1 -1 -1 -1 
8 18 13 52 31 18 13 52 25 -1 -1 -1 -1 
9 18 14 2 40 18 14 2 32 -1 -1 -1 -1 
10 18 14 12 48 18 14 12 40 -1 -1 -1 -1 
11 18 14 22 57 18 14 22 47 -1 -1 -1 -1 
12 18 14 33 6 18 14 32 55 -1 -1 -1 -1 
