0 18 10 29 36 18 10 29 36 -1 -1 -1 -1 
1 18 10 39 44 18 10 39 44 -1 -1 -1 -1 
2 18 10 49 51 18 10 49 51 -1 -1 -1 -1 
3 18 10 59 58 18 10 59 59 -1 -1 -1 -1 
4 18 11 10 6 18 11 10 7 -1 -1 -1 -1 
5 18 11 20 14 18 11 20 14 -1 -1 -1 -1 
6 18 11 30 21 18 11 30 22 -1 -1 -1 -1 
7 18 11 40 29 18 11 40 29 -1 -1 -1 -1 
8 18 11 50 37 18 11 50 37 -1 -1 -1 -1 
9 18 12 0 44 18 12 0 44 -1 -1 -1 -1 
10 18 12 10 53 18 12 10 52 -1 -1 -1 -1 
11 18 12 21 0 18 12 20 59 -1 -1 -1 -1 
12 18 12 31 8 18 12 31 7 -1 -1 -1 -1 
