0 19 10 22 37 19 10 22 37 19 10 22 38 
1 19 10 32 37 19 10 32 37 19 10 32 38 
2 19 10 42 37 19 10 42 37 19 10 42 38 
3 19 10 52 37 19 10 52 38 19 10 52 39 
4 19 11 2 36 19 11 2 38 19 11 2 39 
5 19 11 12 35 19 11 12 38 19 11 12 40 
6 19 11 22 35 19 11 22 39 19 11 22 40 
7 19 11 32 34 19 11 32 40 19 11 32 41 
8 19 11 42 34 19 11 42 40 19 11 42 42 
9 19 11 52 34 19 11 52 41 19 11 52 42 
10 19 12 2 34 19 12 2 42 19 12 2 43 
11 19 12 12 33 19 12 12 42 19 12 12 43 
12 19 12 22 31 19 12 22 42 19 12 22 43 
