0 22 11 33 27 22 11 33 27 -1 -1 -1 -1 
1 22 11 43 35 22 11 43 36 -1 -1 -1 -1 
2 22 11 53 43 22 11 53 44 -1 -1 -1 -1 
3 22 12 3 53 22 12 3 52 -1 -1 -1 -1 
4 22 12 14 2 22 12 13 59 -1 -1 -1 -1 
5 22 12 24 12 22 12 24 6 -1 -1 -1 -1 
6 22 12 34 21 22 12 34 14 -1 -1 -1 -1 
7 22 12 44 31 22 12 44 22 -1 -1 -1 -1 
8 22 12 54 42 22 12 54 30 -1 -1 -1 -1 
9 22 13 4 52 22 13 4 37 -1 -1 -1 -1 
10 22 13 15 2 22 13 14 45 -1 -1 -1 -1 
11 22 13 25 11 22 13 24 53 -1 -1 -1 -1 
12 22 13 35 21 22 13 35 1 -1 -1 -1 -1 
