0 18 10 12 23 18 10 12 23 -1 -1 -1 -1 
1 18 10 22 31 18 10 22 32 -1 -1 -1 -1 
2 18 10 32 39 18 10 32 39 -1 -1 -1 -1 
3 18 10 42 47 18 10 42 47 -1 -1 -1 -1 
4 18 10 52 55 18 10 52 54 -1 -1 -1 -1 
5 18 11 3 3 18 11 3 2 -1 -1 -1 -1 
6 18 11 13 10 18 11 13 10 -1 -1 -1 -1 
7 18 11 23 18 18 11 23 17 -1 -1 -1 -1 
8 18 11 33 26 18 11 33 25 -1 -1 -1 -1 
9 18 11 43 34 18 11 43 33 -1 -1 -1 -1 
10 18 11 53 43 18 11 53 41 -1 -1 -1 -1 
11 18 12 3 51 18 12 3 48 -1 -1 -1 -1 
12 18 12 13 59 18 12 13 56 -1 -1 -1 -1 
