0 18 14 16 4 18 14 16 4 -1 -1 -1 -1 
1 18 14 26 13 18 14 26 12 -1 -1 -1 -1 
2 18 14 36 22 18 14 36 19 -1 -1 -1 -1 
3 18 14 46 31 18 14 46 27 -1 -1 -1 -1 
4 18 14 56 40 18 14 56 34 -1 -1 -1 -1 
5 18 15 6 49 18 15 6 42 -1 -1 -1 -1 
6 18 15 16 59 18 15 16 50 -1 -1 -1 -1 
7 18 15 27 9 18 15 26 58 -1 -1 -1 -1 
8 18 15 37 19 18 15 37 6 -1 -1 -1 -1 
9 18 15 47 29 18 15 47 14 -1 -1 -1 -1 
10 18 15 57 39 18 15 57 21 -1 -1 -1 -1 
11 18 16 7 49 18 16 7 29 -1 -1 -1 -1 
12 18 16 18 0 18 16 17 37 -1 -1 -1 -1 
