0 18 12 14 12 18 12 14 12 -1 -1 -1 -1 
1 18 12 24 19 18 12 24 20 -1 -1 -1 -1 
2 18 12 34 27 18 12 34 28 -1 -1 -1 -1 
3 18 12 44 34 18 12 44 36 -1 -1 -1 -1 
4 18 12 54 42 18 12 54 45 -1 -1 -1 -1 
5 18 13 4 49 18 13 4 52 -1 -1 -1 -1 
6 18 13 14 57 18 13 15 0 -1 -1 -1 -1 
7 18 13 25 4 18 13 25 8 -1 -1 -1 -1 
8 18 13 35 11 18 13 35 16 -1 -1 -1 -1 
9 18 13 45 19 18 13 45 24 -1 -1 -1 -1 
10 18 13 55 26 18 13 55 32 -1 -1 -1 -1 
11 18 14 5 32 18 14 5 39 -1 -1 -1 -1 
12 18 14 15 40 18 14 15 48 -1 -1 -1 -1 
